1 0.6178176834476997 0.28773072747014117 0.01587361188033313 0.04125950054288818
3 0.1357611542396906 0.5347448425624322 0.04260811609984138 0.03583061889250814
3 0.16917928451407596 0.4809989142236699 0.049291742154718425 0.03257328990228011
3 0.17126791765622507 0.39576547231270354 0.026734504219508307 0.0640608034744843
3 0.8387950698870731 0.6921824104234529 0.018379971650911955 0.059717698154180286
3 0.44529658590618515 0.8642779587404995 0.02339269119206975 0.05646036916395218
3 0.2573196031127674 0.8338762214983714 0.03508903678810462 0.030401737242128066
3 0.25606642322747797 0.8740499457111836 0.044279022613560634 0.03257328990228004
3 0.2564841498559078 0.9125950054288816 0.04511447587042028 0.03583061889250814
3 0.2589905096264867 0.9549402823018457 0.04010175632926249 0.029315960912052078
3 0.21972420655408384 0.8881650380021716 0.025063597705789 0.06080347448425627
