0 0.547513805704412 0.36644951140065146 0.033032507131487844 0.03365906623235617
0 0.5983012854190747 0.3637350705754614 0.018993691600605517 0.05211726384364823
0 0.5475138057044121 0.2871878393051031 0.039639008557785474 0.09011943539630834
1 0.5173716429469293 0.8360477741585234 0.030555069096626326 0.034744842562432154
1 0.5206748936600781 0.9353963083604776 0.033858319809774995 0.022801302931596153
1 0.7097859969878464 0.6965255157437568 0.02560019302690307 0.061889250814332254
1 0.8472838079226648 0.6938110749185669 0.026426005705190506 0.04343105320304019
1 0.8807292213932963 0.6938110749185669 0.018993691600605586 0.04343105320304019
1 0.9773493047528984 0.5798045602605864 0.018993691600605444 0.04994571118349619
1 0.9719815223440316 0.46905537459283386 0.01981950427889288 0.04994571118349626
1 0.9707428033266009 0.36482084690553745 0.022296942313754328 0.04994571118349619
3 0.12387190174307965 0.5564603691639523 0.03798738320121107 0.022801302931596153
3 0.15690440887456755 0.498371335504886 0.03468413248806229 0.02823018458197616
3 0.2444405527730105 0.8512486427795874 0.03468413248806229 0.03257328990228018
3 0.2415502083990053 0.8887079261672096 0.040464821236072694 0.03148751357220405
3 0.2440276464338669 0.9326818675352877 0.03550994516634951 0.03257328990228018
3 0.24485345911215411 0.97557003257329 0.04046482123607266 0.027144408251900103
3 0.42900968637019915 0.8794788273615635 0.027251818383477514 0.056460369163952036
3 0.206866075910943 0.9087947882736157 0.01899369160060555 0.06080347448425627
3 0.15814312789199836 0.4136807817589576 0.02725181838347753 0.0608034744842562
