0 0.9119403461710417 0.4185667752442997 0.030583365267931272 0.04451682953311611
0 0.8452130037682825 0.8197611292073833 0.050045506802069324 0.07817589576547235
0 0.7006370952289711 0.7877307274701412 0.03892428306827625 0.040173724212812234
0 0.597765775691384 0.7133550488599348 0.10287131953758703 0.04343105320304019
0 0.5074058328543143 0.23344191096634093 0.10843193140448364 0.03908794788273614
0 0.5185270565881076 0.19381107491856678 0.05004550680206947 0.02497285559174813
0 0.4545800201187967 0.0732899022801303 0.0500455068020694 0.03148751357220413
0 0.45249479066871046 0.19109663409337677 0.043094741968448605 0.019543973941368087
0 0.4511046377019863 0.28610206297502716 0.023632600434310546 0.03583061889250818
0 0.4490194082519001 0.38707926167209555 0.025022753401034662 0.03583061889250814
