1 0.30049142199064016 0.97828447339848 0.10532689018228623 0.04125950054288822
1 0.44237293876560213 0.9728555917480999 0.10160947052879372 0.04777415852334428
1 0.18587098267462274 0.5613463626492943 0.07930495260783904 0.03257328990228018
1 0.2750890543584417 0.5613463626492943 0.07682667283884406 0.03257328990228018
1 0.3667854058112556 0.5570032573289904 0.08673979191482402 0.030401737242128135
1 0.36182884627326567 0.6042345276872965 0.07682667283884413 0.031487513572204195
1 0.2788064740119342 0.6042345276872965 0.07930495260783907 0.03800217155266011
1 0.18834926244361774 0.6053203040173725 0.07187011330085413 0.029315960912052148
1 0.125153128334246 0.6541802388707926 0.08921807168381893 0.03365906623235617
1 0.7787994174066694 0.8968512486427795 0.08054409249233643 0.039087947882736104
1 0.36554626592675815 0.8360477741585234 0.07930495260783907 0.039087947882736104
1 0.7713645780996845 0.5602605863192183 0.08302237226133144 0.034744842562432154
