4 0.10432364572866269 0.3040173724212812 0.04967792653745842 0.06948968512486427
4 0.20819567394334848 0.3094462540716612 0.05690380676108877 0.06297502714440821
4 0.20322788128960262 0.18403908794788276 0.05780704178904255 0.057546145494028235
4 0.10793658584047783 0.18403908794788276 0.05148439659336599 0.06406080347448424
4 0.10387202821468577 0.4337676438653637 0.04335528134178188 0.07274701411509227
4 0.21180861405516363 0.4310532030401737 0.05148439659336603 0.05428881650380014
4 0.10838820335445476 0.5613463626492943 0.06322645195676527 0.06731813246471234
4 0.20729243891539467 0.5602605863192183 0.05871027681699634 0.08034744842562432
4 0.10251717567275509 0.6775244299674267 0.056903806761088714 0.0738327904451684
4 0.20367949880357955 0.6710097719869706 0.05148439659336599 0.06514657980456036
4 0.10658173329854716 0.8034744842562432 0.05961351184495008 0.06514657980456036
4 0.201873028747672 0.8072747014115094 0.05871027681699634 0.06840390879478832
4 0.10522688075661646 0.9261672095548318 0.04606498642564325 0.06731813246471219
4 0.2063892038874409 0.9245385450597178 0.04606498642564325 0.06623235613463621
4 0.746523750603807 0.5705754614549403 0.05509733670518116 0.08360477741585236
4 0.9343966364181953 0.5749185667752443 0.06232321692881143 0.07926167209554834
4 0.7975565296831961 0.1449511400651466 0.03612940111815163 0.038002171552660134
4 0.819685787868064 0.32247557003257327 0.03703263614610549 0.04777415852334414
4 0.7415559579500612 0.32410423452768733 0.03974234122996677 0.06406080347448427
4 0.5916189433097321 0.3306188925081433 0.04696822145359704 0.04668838219326815
4 0.39200400213194464 0.1688382193268187 0.0379358711740592 0.048859934853420196
4 0.43897222358554167 0.1710097719869707 0.0379358711740592 0.04451682953311618
4 0.4940695602907229 0.18403908794788276 0.050581161565412244 0.06623235613463628
4 0.9741389776481619 0.32519001085776333 0.044258516369735615 0.053203040173724216
4 0.6376839297353754 0.14060803474484257 0.0379358711740592 0.042345276872964153
4 0.7216847873350778 0.14277958740499458 0.03612940111815163 0.048859934853420196
4 0.45206913149087163 0.9082519001085777 0.05509733670518116 0.059717698154180286
