1 0.18569746909947032 0.5431438818725458 0.020600353148911166 0.06648401468884117
1 0.28722778104767516 0.5311201770883938 0.01648028251912887 0.09053142425714526
1 0.3881695114773397 0.5318274538404028 0.021777516185991743 0.07497133571294831
1 0.4891112419070042 0.527583793328349 0.024720423778693358 0.08345865673705567
1 0.85167745732784 0.7383522654270155 0.041200706297822194 0.04950937264062631
1 0.290759270158917 0.7814961472995612 0.032960565038257776 0.04243660512053665
1 0.29075927015891706 0.851516545748447 0.03766921718658036 0.04668026563259048
7 0.3658034137728075 0.7850325310596059 0.0971159505591524 0.3182745384040264
0 0.2928193054738082 0.9130496231732254 0.03825779870512065 0.0424366051205368
0 0.29193643319599766 0.7206703466267916 0.03296056503825774 0.05375303315268013
0 0.1965862271924662 0.7058175348346037 0.036492054149499714 0.06648401468884117
3 0.24072984108299003 0.5339492840964296 0.018834608593290197 0.0905314242571452
3 0.33902295467922317 0.5304129003363848 0.02118893466745142 0.09477508476919894
3 0.4446733372572102 0.5325347305924117 0.01706886403766923 0.09901874528125269
3 0.5453207769276045 0.528291070080358 0.021777516185991816 0.09053142425714526
