4 0.6105868788967617 0.8279044516829533 0.048774691509504677 0.0618892508143324
4 0.8034275573648958 0.8203040173724213 0.0532908666492736 0.06406080347448437
4 0.8978156177860669 0.8241042345276872 0.059613511844950014 0.06297502714440824
4 0.8061372624487572 0.6986970684039088 0.06412968698471914 0.06623235613463635
4 0.892396207618344 0.6986970684039088 0.06503292201267286 0.057546145494028166
4 0.8052340274208034 0.5760043431053203 0.064129686984719 0.05537459283387627
4 0.9027834104398126 0.5689467969598263 0.0532908666492736 0.07166123778501628
4 0.7966532946552423 0.4451682953311618 0.06864586212448799 0.07166123778501628
4 0.8905897375624364 0.4435396308360478 0.0632264519567653 0.06840390879478825
4 0.8978156177860669 0.3235613463626493 0.05419410167722745 0.06514657980456025
4 0.7962016771412656 0.3208469055374593 0.06774262709653428 0.06406080347448423
4 0.7957500596272885 0.0749185667752443 0.05419410167722731 0.06297502714440827
4 0.8914929725903903 0.07166123778501629 0.05238763162131974 0.05646036916395223
4 0.8973640002720898 0.19218241042345277 0.0532908666492736 0.06297502714440824
4 0.8020727048229651 0.19001085776330076 0.057807041789042446 0.06731813246471229
4 0.17884053553485033 0.6748099891422368 0.03793587117405919 0.055374592833876336
4 0.2610349230786451 0.6742671009771988 0.039742341229966734 0.04343105320304019
4 0.4127784077748818 0.6715526601520087 0.03974234122996677 0.05103148751357225
4 0.5021986755423069 0.8251900108577632 0.04877469150950461 0.06514657980456022
4 0.5554895421915805 0.8273615635179153 0.041548811285874405 0.04994571118349626
4 0.3608423936675389 0.8512486427795874 0.04245204631382812 0.04777415852334414
4 0.28045447617965164 0.8550488599348535 0.03883910620201291 0.04451682953311604
4 0.20864729145732538 0.8517915309446255 0.0361294011181516 0.03800217155266011
4 0.12193672877376159 0.8539630836047775 0.03070999095042886 0.03583061889250814
4 0.025290580782706105 0.6758957654723128 0.03793587117405916 0.04668838219326815
4 0.5514249845657885 0.09229098805646037 0.04425851636973576 0.049945711183496194
4 0.2497444852292228 0.4305103148751357 0.062323216928811466 0.07926167209554827
4 0.0690974796384649 0.4299674267100977 0.0605167468729039 0.08903365906623235
