0 0.18834608593290164 0.6738421794604037 0.02825191288993526 0.044994446448575046
0 0.29075927015891695 0.7004298069072888 0.03884638022366097 0.05453872296796973
0 0.2878163625662154 0.8919970713322827 0.029429075927015907 0.05044831874537209
1 0.28663919952913475 0.8238236676223205 0.029429075927015946 0.04772138259697357
1 0.29075927015891695 0.761785870246255 0.028251912889935296 0.046357914522774164
1 0.1851088875809299 0.5170433509274905 0.014714537963507936 0.0804446163777554
1 0.2851677457327839 0.5184068190016897 0.026486168334314327 0.0940792971197478
1 0.3884638022366098 0.5259058934097857 0.01765744555620955 0.0763542121551577
1 0.4905826957033549 0.527269361483985 0.024131842260153035 0.09271582904554869
1 0.8534432018834609 0.7549685298752586 0.04002354326074169 0.04363097837437579
3 0.24190700412007057 0.5231789572613872 0.01530311948204826 0.07908114830355623
3 0.3416715715126545 0.5245424253355864 0.020600353148911097 0.09544276519394707
3 0.4467333725721012 0.5245424253355864 0.02118893466745142 0.08180808445195467
3 0.5459093584461447 0.5320414997436822 0.019423190111830593 0.09953316941654493
