7 0.7875629256736747 0.5602605863192182 0.13685519692034334 0.0803474484256244
7 0.5170802487414865 0.5825190010857763 0.11748889546935154 0.08360477741585236
7 0.6455433816997334 0.38382193268186754 0.10845128812555509 0.07491856677524432
0 0.1484749777909387 0.4267100977198697 0.07230085875037014 0.03691639522258413
0 0.2582173526798934 0.23941368078175893 0.09037607343796267 0.03148751357220412
0 0.35892212022505177 0.41693811074918563 0.08521172638436482 0.04343105320304019
0 0.2717737636955878 0.6036916395222583 0.08908498667456317 0.04777415852334421
0 0.14460171750074027 0.5190010857763301 0.09037607343796267 0.043431053203040124
0 0.3763517915309446 0.6503800217155264 0.12523541604974828 0.06297502714440824
0 0.36344092389694993 0.7019543973941367 0.08650281314776428 0.04451682953311604
0 0.6468344684631329 0.31541802388707924 0.10586911459875616 0.0575461454940282
0 0.6494166419899318 0.20086862106406078 0.11361563517915321 0.05428881650380021
0 0.7927272727272726 0.48262757871878387 0.07488303227716898 0.03583061889250814
0 0.792081729345573 0.6232356134636263 0.0916671602013622 0.05211726384364816
1 0.528054486230382 0.19815418023887077 0.09295824696476174 0.04234527687296421
1 0.5209535090316849 0.24375678610206294 0.07617411904056852 0.03583061889250814
1 0.6539354456618299 0.256786102062975 0.094249333728161 0.04234527687296413
1 0.5293455729937814 0.29587404994571115 0.08521172638436475 0.04234527687296417
1 0.5228901391767841 0.3431053203040173 0.08004737933076697 0.043431053203040124
1 0.5209535090316849 0.3870792616720955 0.08650281314776422 0.03583061889250814
1 0.27371039384068696 0.52442996742671 0.09295824696476157 0.02823018458197609
1 0.15363932484453657 0.5629750271444082 0.08262955285756587 0.03583061889250814
1 0.14524726088244003 0.8268186753528772 0.07617411904056856 0.05103148751357225
1 0.2504708320994966 0.9169381107491855 0.0697186852235712 0.03800217155266026
1 0.40862896061593124 0.9147665580890334 0.0916671602013622 0.03583061889250814
3 0.5228901391767841 0.516829533116178 0.0955404204915606 0.04777415852334414
3 0.27564702398578617 0.5646036916395222 0.0813384660941664 0.034744842562432154
