3 0.5178319801047455 0.19381107491856678 0.029193212301207225 0.04451682953311618
3 0.5984608521747461 0.19381107491856678 0.05699627163569012 0.027144408251900103
3 0.46431109088586564 0.15798045602605865 0.025022753401034735 0.04451682953311618
3 0.04517997141853484 0.2692725298588491 0.03197351823465542 0.05211726384364823
3 0.08549440745353516 0.2692725298588491 0.03197351823465543 0.04777415852334421
3 0.12441869052181133 0.2703583061889251 0.029193212301207135 0.05428881650380024
0 0.6213983761256945 0.5868621064060804 0.0333636712013795 0.04234527687296421
0 0.699942018745609 0.5863192182410424 0.09592055470396615 0.04777415852334421
0 0.6276540644759533 0.6362649294245385 0.048655353835345354 0.026058631921823974
3 0.13623499073896658 0.4576547231270358 0.05004550680206936 0.027144408251900103
3 0.16473312655681163 0.27361563517915305 0.02363260043431051 0.04125950054288818
