7 0.3663919952913479 0.7855448246522596 0.09947027663331372 0.2988749270316034
0 0.28928781636256623 0.7167895597482757 0.03590347263095936 0.051917240845865534
0 0.29576221306650974 0.9118300050881483 0.03472630959387871 0.057529915531904695
0 0.19805768098881696 0.7069673790477066 0.02530900529723368 0.05472357818888511
1 0.18658034137728075 0.5385871384665216 0.021188934667451455 0.07998061427606289
1 0.2884049440847557 0.5343776324519919 0.018834608593290163 0.09120596364814183
1 0.3890523837551501 0.5364823854592567 0.023543260741612712 0.0757711082615333
1 0.4902884049440847 0.5329744637804821 0.02118893466745142 0.07436793959002337
1 0.2942907592701589 0.7827384873092396 0.04002354326074162 0.04911090350284567
1 0.29399646851088873 0.8430747401841644 0.03825779870512065 0.051917240845865534
1 0.8475573866980578 0.7420465958354534 0.037669217186580395 0.04349822881680609
3 0.24308416715715125 0.5329744637804821 0.020011771630370843 0.08839962630512212
3 0.34020011771630365 0.5371839697950116 0.02118893466745142 0.08839962630512212
3 0.44143613890523836 0.5308697107732172 0.023543260741612712 0.08138378294757267
3 0.5441436138905239 0.5294665421017073 0.01706886403766923 0.08699645763361225
