0 0.5611424410078295 0.37785016286644946 0.03244559703381064 0.04125950054288815
0 0.6089788981730632 0.37296416938110755 0.02329427479350521 0.05103148751357217
3 0.259564776270486 0.8615635179153094 0.04159691927411639 0.03148751357220405
3 0.2616446222341919 0.8984799131378935 0.03743722734670474 0.03583061889250814
3 0.25748493030678016 0.9402823018458197 0.04742048797249261 0.03257328990228018
3 0.25998074546322714 0.977741585233442 0.042428857659598654 0.029315960912052078
3 0.2246233640802283 0.9191096634093376 0.024958151564469802 0.05537459283387619
3 0.1343580492553958 0.5667752442996743 0.03743722734670474 0.039087947882736174
3 0.1697154306383947 0.508686210640608 0.041596919274116344 0.03800217155266011
3 0.17221124579484168 0.4305103148751357 0.02163039802254051 0.053203040173724146
3 0.8294425703258799 0.7030401737242129 0.02329427479350514 0.053203040173724216
3 0.4417592826911156 0.8827361563517916 0.026622028335434464 0.05428881650380021
